AK 583555 1267942 531
AK 1500 100450 50
AK 500 1500 1
AK 100450 583555 585
AK 0 500 1
AL 6296829 8151375 900
AL 9000 10250 3
AL 3000 9000 7
AL 10250 6296829 3397
AL 0 3000 2
AR 3506645 5116358 763
AR 1950 5375 3
AR 1000 1950 4
AR 5375 3506645 1686
AR 0 1000 3
AS 0 2200 3
AZ 10947890 15223992 2426
AZ 23578 41868 28
AZ 6667 23578 21
AZ 41868 10947890 5136
AZ 0 6667 12
CA 57680181 157860452 30235
CA 363079 542312 325
CA 15810 363079 127
CA 542312 57680181 22319
CA 0 15810 25
CO 8816455 17126207 3371
CO 40295 163579 30
CO 2750 40295 36
CO 163579 8816455 3979
CO 0 2750 6
CT 14226048 29571635 5606
CT 15017 33442 34
CT 7867 15017 10
CT 33442 14226048 4381
CT 0 7867 11
DC 74904735 263663961 6571
DC 60586 266719 49
DC 3750 60586 11
DC 266719 74904735 3720
DC 0 3750 3
DE 705670 2547885 857
DE 3701 4651 3
DE 500 3701 3
DE 4651 705670 377
DE 0 500 1
FL 43374180 73140623 10990
FL 97034 124010 42
FL 27728 97034 46
FL 124010 43374180 18405
FL 0 27728 27
GA 15372162 20525706 2749
GA 35316 46766 8
GA 5166 35316 25
GA 46766 15372162 7558
GA 0 5166 12
GU 17502 123452 134
GU 750 17502 9
GU 0 750 2
HI 1324535 5341211 1585
HI 5317 7817 5
HI 1667 5317 8
HI 7817 1324535 934
HI 0 1667 2
IA 3043181 6040957 1440
IA 3550 9200 9
IA 2500 3550 4
IA 9200 3043181 1995
IA 0 2500 3
ID 1649841 2232384 256
ID 2750 3650 3
ID 2000 2750 1
ID 3650 1649841 932
ID 0 2000 4
IL 24272480 84945376 9401
IL 31173 71408 84
IL 2700 31173 41
IL 71408 24272480 8587
IL 0 2700 7
IN 8488591 11517235 1835
IN 17746 29196 9
IN 2500 17746 17
IN 29196 8488591 5044
IN 0 2500 3
KS 4028416 4917504 777
KS 3000 4760 7
KS 1500 3000 3
KS 4760 4028416 2069
KS 0 1500 2
KY 5354401 11752338 1447
KY 1000 6500 6
KY 0 1000 3
KY 6500 5354401 2042
LA 7733106 9935424 1103
LA 10651 62851 18
LA 4300 10651 10
LA 62851 7733106 3697
LA 0 4300 9
MA 15573731 41576873 10028
MA 22257 107067 131
MA 5916 22257 15
MA 107067 15573731 6978
MA 0 5916 5
MD 8943003 29382376 7084
MD 19382 65457 57
MD 1000 19382 28
MD 65457 8943003 3771
MD 0 1000 2
ME 1212733 3814497 1039
ME 500 2450 3
ME 0 500 1
ME 2450 1212733 851
MI 14908572 25040451 6546
MI 16277 27527 23
MI 3217 16277 21
MI 27527 14908572 5545
MI 0 3217 8
MN 11012272 19129655 3191
MN 6350 60105 36
MN 2250 6350 7
MN 60105 11012272 3140
MN 0 2250 5
MO 11746079 18016012 2479
MO 7950 12550 11
MO 750 7950 14
MO 12550 11746079 4227
MO 0 750 2
MS 3620149 4231581 317
MS 2550 7638 3
MS 0 2550 4
MS 7638 3620149 1713
MT 1995187 4420472 1541
MT 950 1950 2
MT 500 950 2
MT 1950 1995187 1044
MT 0 500 1
NC 7601678 13256205 3569
NC 13837 25162 13
NC 2700 13837 20
NC 25162 7601678 4810
NC 0 2700 6
ND 1310211 1986710 343
ND 0 500 1
ND 500 1310211 875
NE 3172655 6040462 640
NE #N/A #N/A 6
NE 5250 6250 3
NE 6250 3172655 2120
NE 0 5250 2
NH 8971319 11844290 1163
NH 34275 38825 13
NH 20025 34275 8
NH 38825 8971319 1299
NH 0 20025 1
NJ 10503144 24536456 6637
NJ 193768 202468 34
NJ 183817 193768 5
NJ 202468 10503144 5376
NJ 0 183817 6
NM 3844751 7439792 2355
NM 74900 88350 18
NM 0 74900 85
NM 88350 3844751 1995
NV 6972095 15601403 1728
NV 34169 46119 6
NV 21867 34169 17
NV 46119 6972095 2611
NV 0 21867 7
NY 41955488 112490791 19412
NY 45607 125840 143
NY 7684 45607 40
NY 125840 41955488 12436
NY 0 7684 7
OH 31232171 39981744 4440
OH 45675 69859 19
OH 6299 45675 22
OH 69859 31232171 7619
OH 0 6299 14
OK 6904200 8972713 732
OK 9322 13642 4
OK 4622 9322 7
OK 13642 6904200 2666
OK 0 4622 7
OR 4524223 10026712 3057
OR 17300 30125 34
OR 6600 17300 12
OR 30125 4524223 1864
OR 0 6600 7
PA 21119744 36626901 7052
PA 63587 81470 40
PA 49337 63587 20
PA 81470 21119744 7388
PA 0 49337 44
PR 325355 2440464 618
PR 0 325355 148
RI 1205464 3617567 1242
RI 500 7725 5
RI 7725 1205464 875
RI 0 500 1
SC 4964712 7590312 1095
SC 2202 4502 5
SC 250 2202 6
SC 4502 4964712 3599
SC 0 250 1
SD 2245376 2907086 358
SD 250 1350 3
SD 1350 2245376 1125
SD 0 250 1
TN 15831302 19091914 1663
TN 14200 35307 10
TN 500 14200 13
TN 35307 15831302 6530
TN 0 500 2
TX 86309819 112810474 8814
TX 314191 332116 31
TX 117010 314191 84
TX 332116 86309819 27639
TX 0 117010 34
UT 10440858 12080967 598
UT 5602 8146 6
UT 500 5602 6
UT 8146 10440858 3032
UT 0 500 1
VA 57651028 77935304 7862
VA 25300 76715 38
VA 5523 25300 29
VA 76715 57651028 10932
VA 0 5523 11
VI 192191 715391 112
VI 500 192191 65
VI 0 500 1
VT 427183 3231131 686
VT 6050 131270 199
VT 3000 6050 2
VT 131270 427183 233
VT 0 3000 2
WA 6433322 18938281 5802
WA 31515 62465 49
WA 3500 31515 31
WA 62465 6433322 3795
WA 0 3500 5
WI 6447317 11469535 2545
WI 3500 20364 28
WI 750 3500 5
WI 20364 6447317 3620
WI 0 750 2
WV 2855617 4247577 636
WV 1250 4875 3
WV 500 1250 3
WV 4875 2855617 990
WV 0 500 1
WY 1494076 2030784 204
WY 3000 4750 3
WY 2750 3000 1
WY 4750 1494076 792
WY 0 2750 3
